0.0072 1.0000
0.0082 1.0000
0.0092 1.0000
0.0102 1.0000
0.0112 1.0000
0.0122 1.0000
0.0132 1.0000
0.0142 1.0000
0.0152 1.0000
0.0162 1.0000
0.0172 1.0000
0.0182 1.0000
0.0192 1.0000
0.0202 1.0000
0.0211 1.0000
0.0221 1.0000
0.0231 1.0000
0.0241 1.0000
0.0251 1.0000
0.0261 1.0000
0.0271 1.0000
0.0281 1.0000
0.0291 1.0000
0.0301 1.0000
0.0311 1.0000
0.0321 1.0000
0.0331 1.0000
0.0341 1.0000
0.0350 1.0000
0.0360 1.0000
0.0370 1.0000
0.0380 1.0000
0.0390 1.0000
0.0400 1.0000
0.0410 1.0000
0.0420 1.0000
0.0430 1.0000
0.0440 1.0000
0.0450 1.0000
0.0460 1.0000
0.0470 1.0000
0.0480 1.0000
0.0490 1.0000
0.0499 1.0000
0.0509 1.0000
0.0519 1.0000
0.0529 1.0000
0.0539 1.0000
0.0549 1.0000
0.0559 1.0000
0.0569 1.0000
0.0579 1.0000
0.0589 1.0000
0.0599 1.0000
0.0609 1.0000
0.0619 1.0000
0.0629 1.0000
0.0639 1.0000
0.0648 1.0000
0.0658 1.0000
0.0668 1.0000
0.0678 1.0000
0.0688 1.0000
0.0698 1.0000
0.0708 1.0000
0.0718 1.0000
0.0728 0.9999
0.0738 0.9999
0.0748 0.9999
0.0758 0.9999
0.0768 0.9999
0.0778 0.9999
0.0788 0.9998
0.0797 0.9998
0.0807 0.9998
0.0817 0.9998
0.0827 0.9997
0.0837 0.9997
0.0847 0.9997
0.0857 0.9997
0.0867 0.9996
0.0877 0.9996
0.0887 0.9996
0.0897 0.9995
0.0907 0.9995
0.0917 0.9995
0.0927 0.9995
0.0937 0.9995
0.0946 0.9994
0.0956 0.9994
0.0966 0.9994
0.0976 0.9993
0.0986 0.9993
0.0996 0.9992
0.1006 0.9992
0.1016 0.9991
0.1026 0.9991
0.1036 0.9990
0.1046 0.9990
0.1056 0.9989
0.1066 0.9988
0.1076 0.9988
0.1086 0.9987
0.1095 0.9987
0.1105 0.9986
0.1115 0.9985
0.1125 0.9985
0.1135 0.9984
0.1145 0.9984
0.1155 0.9983
0.1165 0.9982
0.1175 0.9982
0.1185 0.9981
0.1195 0.9980
0.1205 0.9979
0.1215 0.9978
0.1225 0.9978
0.1234 0.9977
0.1244 0.9976
0.1254 0.9975
0.1264 0.9974
0.1274 0.9973
0.1284 0.9972
0.1294 0.9971
0.1304 0.9970
0.1314 0.9969
0.1324 0.9968
0.1334 0.9966
0.1344 0.9965
0.1354 0.9963
0.1364 0.9962
0.1374 0.9961
0.1383 0.9960
0.1393 0.9958
0.1403 0.9957
0.1413 0.9955
0.1423 0.9953
0.1433 0.9952
0.1443 0.9950
0.1453 0.9949
0.1463 0.9947
0.1473 0.9945
0.1483 0.9944
0.1493 0.9942
0.1503 0.9940
0.1513 0.9939
0.1523 0.9937
0.1532 0.9935
0.1542 0.9934
0.1552 0.9932
0.1562 0.9930
0.1572 0.9928
0.1582 0.9926
0.1592 0.9923
0.1602 0.9921
0.1612 0.9919
0.1622 0.9917
0.1632 0.9914
0.1642 0.9910
0.1652 0.9907
0.1662 0.9903
0.1672 0.9900
0.1681 0.9898
0.1691 0.9895
0.1701 0.9891
0.1711 0.9888
0.1721 0.9884
0.1731 0.9881
0.1741 0.9878
0.1751 0.9874
0.1761 0.9870
0.1771 0.9867
0.1781 0.9864
0.1791 0.9860
0.1801 0.9856
0.1811 0.9852
0.1821 0.9848
0.1830 0.9844
0.1840 0.9841
0.1850 0.9836
0.1860 0.9832
0.1870 0.9828
0.1880 0.9823
0.1890 0.9817
0.1900 0.9812
0.1910 0.9807
0.1920 0.9802
0.1930 0.9797
0.1940 0.9792
0.1950 0.9787
0.1960 0.9783
0.1970 0.9777
0.1979 0.9772
0.1989 0.9767
0.1999 0.9762
0.2009 0.9756
0.2019 0.9751
0.2029 0.9746
0.2039 0.9739
0.2049 0.9733
0.2059 0.9727
0.2069 0.9720
0.2079 0.9713
0.2089 0.9707
0.2099 0.9700
0.2109 0.9695
0.2118 0.9689
0.2128 0.9682
0.2138 0.9674
0.2148 0.9666
0.2158 0.9659
0.2168 0.9653
0.2178 0.9645
0.2188 0.9639
0.2198 0.9631
0.2208 0.9623
0.2218 0.9613
0.2228 0.9607
0.2238 0.9598
0.2248 0.9591
0.2258 0.9582
0.2267 0.9575
0.2277 0.9568
0.2287 0.9558
0.2297 0.9551
0.2307 0.9542
0.2317 0.9534
0.2327 0.9526
0.2337 0.9517
0.2347 0.9507
0.2357 0.9499
0.2367 0.9490
0.2377 0.9480
0.2387 0.9471
0.2397 0.9461
0.2407 0.9451
0.2416 0.9443
0.2426 0.9434
0.2436 0.9425
0.2446 0.9416
0.2456 0.9406
0.2466 0.9396
0.2476 0.9387
0.2486 0.9376
0.2496 0.9365
0.2506 0.9354
0.2516 0.9343
0.2526 0.9333
0.2536 0.9323
0.2546 0.9312
0.2556 0.9301
0.2565 0.9292
0.2575 0.9282
0.2585 0.9271
0.2595 0.9260
0.2605 0.9249
0.2615 0.9239
0.2625 0.9228
0.2635 0.9217
0.2645 0.9207
0.2655 0.9193
0.2665 0.9181
0.2675 0.9168
0.2685 0.9155
0.2695 0.9143
0.2705 0.9131
0.2714 0.9119
0.2724 0.9107
0.2734 0.9094
0.2744 0.9082
0.2754 0.9070
0.2764 0.9057
0.2774 0.9044
0.2784 0.9030
0.2794 0.9016
0.2804 0.9003
0.2814 0.8990
0.2824 0.8976
0.2834 0.8962
0.2844 0.8949
0.2854 0.8935
0.2863 0.8923
0.2873 0.8909
0.2883 0.8895
0.2893 0.8880
0.2903 0.8866
0.2913 0.8850
0.2923 0.8833
0.2933 0.8820
0.2943 0.8807
0.2953 0.8792
0.2963 0.8777
0.2973 0.8763
0.2983 0.8747
0.2993 0.8730
0.3002 0.8718
0.3012 0.8702
0.3022 0.8686
0.3032 0.8670
0.3042 0.8652
0.3052 0.8635
0.3062 0.8619
0.3072 0.8602
0.3082 0.8586
0.3092 0.8570
0.3102 0.8553
0.3112 0.8536
0.3122 0.8519
0.3132 0.8501
0.3142 0.8484
0.3151 0.8467
0.3161 0.8451
0.3171 0.8435
0.3181 0.8415
0.3191 0.8398
0.3201 0.8380
0.3211 0.8362
0.3221 0.8343
0.3231 0.8327
0.3241 0.8309
0.3251 0.8291
0.3261 0.8274
0.3271 0.8257
0.3281 0.8238
0.3291 0.8220
0.3300 0.8203
0.3310 0.8184
0.3320 0.8164
0.3330 0.8145
0.3340 0.8126
0.3350 0.8106
0.3360 0.8087
0.3370 0.8067
0.3380 0.8047
0.3390 0.8027
0.3400 0.8007
0.3410 0.7985
0.3420 0.7964
0.3430 0.7943
0.3440 0.7921
0.3449 0.7902
0.3459 0.7880
0.3469 0.7858
0.3479 0.7837
0.3489 0.7815
0.3499 0.7792
0.3509 0.7770
0.3519 0.7748
0.3529 0.7725
0.3539 0.7701
0.3549 0.7681
0.3559 0.7657
0.3569 0.7635
0.3579 0.7613
0.3589 0.7591
0.3598 0.7573
0.3608 0.7551
0.3618 0.7528
0.3628 0.7505
0.3638 0.7486
0.3648 0.7463
0.3658 0.7439
0.3668 0.7415
0.3678 0.7393
0.3688 0.7368
0.3698 0.7346
0.3708 0.7322
0.3718 0.7298
0.3728 0.7273
0.3738 0.7251
0.3747 0.7228
0.3757 0.7203
0.3767 0.7180
0.3777 0.7158
0.3787 0.7134
0.3797 0.7111
0.3807 0.7088
0.3817 0.7063
0.3827 0.7039
0.3837 0.7018
0.3847 0.6996
0.3857 0.6973
0.3867 0.6951
0.3877 0.6929
0.3886 0.6907
0.3896 0.6885
0.3906 0.6863
0.3916 0.6841
0.3926 0.6818
0.3936 0.6795
0.3946 0.6772
0.3956 0.6751
0.3966 0.6728
0.3976 0.6707
0.3986 0.6684
0.3996 0.6662
0.4006 0.6639
0.4016 0.6616
0.4026 0.6594
0.4035 0.6575
0.4045 0.6554
0.4055 0.6535
0.4065 0.6513
0.4075 0.6494
0.4085 0.6474
0.4095 0.6451
0.4105 0.6431
0.4115 0.6411
0.4125 0.6388
0.4135 0.6366
0.4145 0.6344
0.4155 0.6322
0.4165 0.6301
0.4175 0.6280
0.4184 0.6261
0.4194 0.6240
0.4204 0.6221
0.4214 0.6200
0.4224 0.6177
0.4234 0.6157
0.4244 0.6133
0.4254 0.6111
0.4264 0.6089
0.4274 0.6068
0.4284 0.6046
0.4294 0.6025
0.4304 0.6002
0.4314 0.5980
0.4324 0.5959
0.4333 0.5940
0.4343 0.5918
0.4353 0.5898
0.4363 0.5876
0.4373 0.5856
0.4383 0.5836
0.4393 0.5815
0.4403 0.5793
0.4413 0.5773
0.4423 0.5753
0.4433 0.5732
0.4443 0.5710
0.4453 0.5689
0.4463 0.5670
0.4473 0.5651
0.4482 0.5632
0.4492 0.5612
0.4502 0.5593
0.4512 0.5573
0.4522 0.5551
0.4532 0.5532
0.4542 0.5513
0.4552 0.5492
0.4562 0.5471
0.4572 0.5452
0.4582 0.5432
0.4592 0.5412
0.4602 0.5393
0.4612 0.5374
0.4622 0.5353
0.4631 0.5336
0.4641 0.5316
0.4651 0.5298
0.4661 0.5277
0.4671 0.5258
0.4681 0.5239
0.4691 0.5219
0.4701 0.5199
0.4711 0.5179
0.4721 0.5160
0.4731 0.5139
0.4741 0.5120
0.4751 0.5100
0.4761 0.5082
0.4770 0.5064
0.4780 0.5044
0.4790 0.5025
0.4800 0.5006
0.4810 0.4988
0.4820 0.4970
0.4830 0.4950
0.4840 0.4932
0.4850 0.4912
0.4860 0.4894
0.4870 0.4877
0.4880 0.4861
0.4890 0.4842
0.4900 0.4824
0.4910 0.4806
0.4919 0.4790
0.4929 0.4773
0.4939 0.4756
0.4949 0.4737
0.4959 0.4722
0.4969 0.4705
0.4979 0.4687
0.4989 0.4668
0.4999 0.4652
0.5009 0.4636
0.5019 0.4619
0.5029 0.4601
0.5039 0.4584
0.5049 0.4568
0.5059 0.4550
0.5068 0.4535
0.5078 0.4518
0.5088 0.4500
0.5098 0.4482
0.5108 0.4464
0.5118 0.4447
0.5128 0.4431
0.5138 0.4416
0.5148 0.4400
0.5158 0.4383
0.5168 0.4367
0.5178 0.4352
0.5188 0.4336
0.5198 0.4319
0.5208 0.4303
0.5217 0.4288
0.5227 0.4272
0.5237 0.4255
0.5247 0.4239
0.5257 0.4223
0.5267 0.4207
0.5277 0.4190
0.5287 0.4176
0.5297 0.4159
0.5307 0.4143
0.5317 0.4127
0.5327 0.4111
0.5337 0.4096
0.5347 0.4080
0.5357 0.4065
0.5366 0.4050
0.5376 0.4033
0.5386 0.4017
0.5396 0.4000
0.5406 0.3985
0.5416 0.3970
0.5426 0.3955
0.5436 0.3939
0.5446 0.3923
0.5456 0.3908
0.5466 0.3893
0.5476 0.3877
0.5486 0.3862
0.5496 0.3846
0.5506 0.3830
0.5515 0.3816
0.5525 0.3800
0.5535 0.3785
0.5545 0.3768
0.5555 0.3751
0.5565 0.3735
0.5575 0.3720
0.5585 0.3704
0.5595 0.3691
0.5605 0.3675
0.5615 0.3660
0.5625 0.3645
0.5635 0.3630
0.5645 0.3616
0.5654 0.3600
0.5664 0.3587
0.5674 0.3572
0.5684 0.3558
0.5694 0.3544
0.5704 0.3529
0.5714 0.3513
0.5724 0.3498
0.5734 0.3483
0.5744 0.3466
0.5754 0.3452
0.5764 0.3436
0.5774 0.3422
0.5784 0.3407
0.5794 0.3392
0.5803 0.3378
0.5813 0.3362
0.5823 0.3346
0.5833 0.3333
0.5843 0.3318
0.5853 0.3304
0.5863 0.3290
0.5873 0.3275
0.5883 0.3260
0.5893 0.3246
0.5903 0.3231
0.5913 0.3217
0.5923 0.3201
0.5933 0.3188
0.5943 0.3174
0.5952 0.3161
0.5962 0.3148
0.5972 0.3133
0.5982 0.3120
0.5992 0.3105
0.6002 0.3092
0.6012 0.3078
0.6022 0.3062
0.6032 0.3048
0.6042 0.3033
0.6052 0.3019
0.6062 0.3005
0.6072 0.2992
0.6082 0.2977
0.6092 0.2964
0.6101 0.2950
0.6111 0.2936
0.6121 0.2921
0.6131 0.2907
0.6141 0.2892
0.6151 0.2877
0.6161 0.2863
0.6171 0.2850
0.6181 0.2834
0.6191 0.2819
0.6201 0.2806
0.6211 0.2792
0.6221 0.2777
0.6231 0.2764
0.6241 0.2749
0.6250 0.2737
0.6260 0.2723
0.6270 0.2708
0.6280 0.2694
0.6290 0.2681
0.6300 0.2667
0.6310 0.2653
0.6320 0.2640
0.6330 0.2626
0.6340 0.2613
0.6350 0.2600
0.6360 0.2586
0.6370 0.2571
0.6380 0.2558
0.6390 0.2544
0.6399 0.2532
0.6409 0.2519
0.6419 0.2505
0.6429 0.2491
0.6439 0.2476
0.6449 0.2462
0.6459 0.2447
0.6469 0.2432
0.6479 0.2419
0.6489 0.2404
0.6499 0.2391
0.6509 0.2377
0.6519 0.2363
0.6529 0.2349
0.6538 0.2336
0.6548 0.2322
0.6558 0.2308
0.6568 0.2293
0.6578 0.2280
0.6588 0.2267
0.6598 0.2253
0.6608 0.2240
0.6618 0.2225
0.6628 0.2210
0.6638 0.2197
0.6648 0.2182
0.6658 0.2169
0.6668 0.2155
0.6678 0.2141
0.6687 0.2129
0.6697 0.2115
0.6707 0.2103
0.6717 0.2090
0.6727 0.2075
0.6737 0.2062
0.6747 0.2049
0.6757 0.2034
0.6767 0.2021
0.6777 0.2008
0.6787 0.1994
0.6797 0.1980
0.6807 0.1967
0.6817 0.1954
0.6827 0.1941
0.6836 0.1930
0.6846 0.1918
0.6856 0.1904
0.6866 0.1891
0.6876 0.1876
0.6886 0.1862
0.6896 0.1849
0.6906 0.1835
0.6916 0.1822
0.6926 0.1809
0.6936 0.1795
0.6946 0.1782
0.6956 0.1768
0.6966 0.1756
0.6976 0.1743
0.6985 0.1731
0.6995 0.1719
0.7005 0.1707
0.7015 0.1694
0.7025 0.1683
0.7035 0.1672
0.7045 0.1659
0.7055 0.1647
0.7065 0.1631
0.7075 0.1618
0.7085 0.1605
0.7095 0.1592
0.7105 0.1579
0.7115 0.1566
0.7125 0.1554
0.7134 0.1543
0.7144 0.1531
0.7154 0.1519
0.7164 0.1505
0.7174 0.1494
0.7184 0.1483
0.7194 0.1471
0.7204 0.1459
0.7214 0.1448
0.7224 0.1435
0.7234 0.1422
0.7244 0.1410
0.7254 0.1399
0.7264 0.1386
0.7274 0.1375
0.7283 0.1365
0.7293 0.1355
0.7303 0.1342
0.7313 0.1331
0.7323 0.1318
0.7333 0.1306
0.7343 0.1296
0.7353 0.1285
0.7363 0.1274
0.7373 0.1263
0.7383 0.1252
0.7393 0.1241
0.7403 0.1231
0.7413 0.1220
0.7422 0.1210
0.7432 0.1199
0.7442 0.1186
0.7452 0.1176
0.7462 0.1165
0.7472 0.1155
0.7482 0.1143
0.7492 0.1133
0.7502 0.1121
0.7512 0.1110
0.7522 0.1098
0.7532 0.1088
0.7542 0.1078
0.7552 0.1067
0.7562 0.1057
0.7571 0.1048
0.7581 0.1038
0.7591 0.1027
0.7601 0.1017
0.7611 0.1006
0.7621 0.0995
0.7631 0.0985
0.7641 0.0975
0.7651 0.0965
0.7661 0.0955
0.7671 0.0945
0.7681 0.0935
0.7691 0.0924
0.7701 0.0913
0.7711 0.0904
0.7720 0.0895
0.7730 0.0885
0.7740 0.0874
0.7750 0.0865
0.7760 0.0856
0.7770 0.0847
0.7780 0.0839
0.7790 0.0829
0.7800 0.0821
0.7810 0.0812
0.7820 0.0804
0.7830 0.0795
0.7840 0.0786
0.7850 0.0776
0.7860 0.0768
0.7869 0.0760
0.7879 0.0752
0.7889 0.0743
0.7899 0.0735
0.7909 0.0727
0.7919 0.0718
0.7929 0.0710
0.7939 0.0702
0.7949 0.0693
0.7959 0.0686
0.7969 0.0678
0.7979 0.0670
0.7989 0.0662
0.7999 0.0654
0.8009 0.0645
0.8018 0.0638
0.8028 0.0631
0.8038 0.0623
0.8048 0.0615
0.8058 0.0608
0.8068 0.0601
0.8078 0.0593
0.8088 0.0584
0.8098 0.0575
0.8108 0.0568
0.8118 0.0561
0.8128 0.0554
0.8138 0.0546
0.8148 0.0539
0.8158 0.0531
0.8167 0.0525
0.8177 0.0518
0.8187 0.0512
0.8197 0.0505
0.8207 0.0498
0.8217 0.0490
0.8227 0.0482
0.8237 0.0474
0.8247 0.0467
0.8257 0.0461
0.8267 0.0455
0.8277 0.0448
0.8287 0.0442
0.8297 0.0436
0.8306 0.0429
0.8316 0.0423
0.8326 0.0416
0.8336 0.0411
0.8346 0.0404
0.8356 0.0398
0.8366 0.0393
0.8376 0.0387
0.8386 0.0381
0.8396 0.0375
0.8406 0.0369
0.8416 0.0362
0.8426 0.0356
0.8436 0.0351
0.8446 0.0344
0.8455 0.0340
0.8465 0.0333
0.8475 0.0328
0.8485 0.0322
0.8495 0.0317
0.8505 0.0312
0.8515 0.0305
0.8525 0.0300
0.8535 0.0295
0.8545 0.0290
0.8555 0.0285
0.8565 0.0280
0.8575 0.0276
0.8585 0.0270
0.8595 0.0266
0.8604 0.0262
0.8614 0.0257
0.8624 0.0253
0.8634 0.0248
0.8644 0.0243
0.8654 0.0239
0.8664 0.0234
0.8674 0.0229
0.8684 0.0225
0.8694 0.0220
0.8704 0.0216
0.8714 0.0212
0.8724 0.0207
0.8734 0.0202
0.8744 0.0198
0.8753 0.0194
0.8763 0.0190
0.8773 0.0186
0.8783 0.0182
0.8793 0.0178
0.8803 0.0175
0.8813 0.0170
0.8823 0.0166
0.8833 0.0162
0.8843 0.0158
0.8853 0.0155
0.8863 0.0151
0.8873 0.0147
0.8883 0.0143
0.8893 0.0139
0.8902 0.0136
0.8912 0.0133
0.8922 0.0129
0.8932 0.0126
0.8942 0.0123
0.8952 0.0120
0.8962 0.0116
0.8972 0.0113
0.8982 0.0110
0.8992 0.0108
0.9002 0.0105
0.9012 0.0102
0.9022 0.0099
0.9032 0.0097
0.9042 0.0094
0.9051 0.0092
0.9061 0.0090
0.9071 0.0087
0.9081 0.0085
0.9091 0.0083
0.9101 0.0079
0.9111 0.0077
0.9121 0.0075
0.9131 0.0073
0.9141 0.0070
0.9151 0.0067
0.9161 0.0065
0.9171 0.0063
0.9181 0.0061
0.9190 0.0059
0.9200 0.0056
0.9210 0.0054
0.9220 0.0052
0.9230 0.0050
0.9240 0.0048
0.9250 0.0047
0.9260 0.0045
0.9270 0.0044
0.9280 0.0042
0.9290 0.0040
0.9300 0.0039
0.9310 0.0038
0.9320 0.0037
0.9330 0.0035
0.9339 0.0034
0.9349 0.0032
0.9359 0.0031
0.9369 0.0030
0.9379 0.0028
0.9389 0.0027
0.9399 0.0026
0.9409 0.0025
0.9419 0.0024
0.9429 0.0023
0.9439 0.0022
0.9449 0.0021
0.9459 0.0020
0.9469 0.0020
0.9479 0.0019
0.9488 0.0018
0.9498 0.0017
0.9508 0.0017
0.9518 0.0016
0.9528 0.0015
0.9538 0.0014
0.9548 0.0014
0.9558 0.0013
0.9568 0.0013
0.9578 0.0013
0.9588 0.0012
0.9598 0.0011
0.9608 0.0011
0.9618 0.0010
0.9628 0.0010
0.9637 0.0009
0.9647 0.0009
0.9657 0.0008
0.9667 0.0007
0.9677 0.0007
0.9687 0.0007
0.9697 0.0007
0.9707 0.0006
0.9717 0.0006
0.9727 0.0005
0.9737 0.0005
0.9747 0.0004
0.9757 0.0004
0.9767 0.0004
0.9777 0.0003
0.9786 0.0003
0.9796 0.0003
0.9806 0.0003
0.9816 0.0002
0.9826 0.0002
0.9836 0.0002
0.9846 0.0002
0.9856 0.0002
0.9866 0.0001
0.9876 0.0001
0.9886 0.0001
0.9896 0.0001
0.9906 0.0001
0.9916 0.0000
0.9926 0.0000
0.9935 0.0000
0.9945 0.0000
0.9955 0.0000
0.9965 0.0000
0.9975 0.0000
0.9985 0.0000
0.9995 0.0000
