0.0072 1.0000
0.0082 1.0000
0.0092 1.0000
0.0102 1.0000
0.0112 1.0000
0.0122 1.0000
0.0132 1.0000
0.0142 1.0000
0.0152 1.0000
0.0162 1.0000
0.0172 1.0000
0.0182 1.0000
0.0192 1.0000
0.0202 1.0000
0.0211 1.0000
0.0221 1.0000
0.0231 1.0000
0.0241 1.0000
0.0251 1.0000
0.0261 1.0000
0.0271 1.0000
0.0281 1.0000
0.0291 1.0000
0.0301 1.0000
0.0311 1.0000
0.0321 1.0000
0.0331 1.0000
0.0341 1.0000
0.0350 1.0000
0.0360 1.0000
0.0370 1.0000
0.0380 1.0000
0.0390 0.9999
0.0400 0.9999
0.0410 0.9999
0.0420 0.9999
0.0430 0.9999
0.0440 0.9999
0.0450 0.9999
0.0460 0.9998
0.0470 0.9998
0.0480 0.9998
0.0490 0.9998
0.0499 0.9998
0.0509 0.9998
0.0519 0.9997
0.0529 0.9997
0.0539 0.9997
0.0549 0.9996
0.0559 0.9996
0.0569 0.9996
0.0579 0.9995
0.0589 0.9994
0.0599 0.9994
0.0609 0.9993
0.0619 0.9993
0.0629 0.9992
0.0639 0.9991
0.0648 0.9991
0.0658 0.9990
0.0668 0.9990
0.0678 0.9989
0.0688 0.9988
0.0698 0.9987
0.0708 0.9987
0.0718 0.9986
0.0728 0.9985
0.0738 0.9984
0.0748 0.9983
0.0758 0.9982
0.0768 0.9980
0.0778 0.9979
0.0788 0.9978
0.0797 0.9977
0.0807 0.9976
0.0817 0.9974
0.0827 0.9973
0.0837 0.9972
0.0847 0.9971
0.0857 0.9969
0.0867 0.9968
0.0877 0.9966
0.0887 0.9965
0.0897 0.9963
0.0907 0.9961
0.0917 0.9960
0.0927 0.9958
0.0937 0.9957
0.0946 0.9955
0.0956 0.9953
0.0966 0.9951
0.0976 0.9949
0.0986 0.9947
0.0996 0.9945
0.1006 0.9943
0.1016 0.9940
0.1026 0.9938
0.1036 0.9935
0.1046 0.9933
0.1056 0.9930
0.1066 0.9928
0.1076 0.9924
0.1086 0.9921
0.1095 0.9919
0.1105 0.9916
0.1115 0.9914
0.1125 0.9910
0.1135 0.9908
0.1145 0.9904
0.1155 0.9901
0.1165 0.9897
0.1175 0.9894
0.1185 0.9890
0.1195 0.9886
0.1205 0.9883
0.1215 0.9879
0.1225 0.9876
0.1234 0.9872
0.1244 0.9869
0.1254 0.9865
0.1264 0.9861
0.1274 0.9858
0.1284 0.9854
0.1294 0.9851
0.1304 0.9847
0.1314 0.9842
0.1324 0.9838
0.1334 0.9833
0.1344 0.9829
0.1354 0.9825
0.1364 0.9819
0.1374 0.9815
0.1383 0.9811
0.1393 0.9807
0.1403 0.9801
0.1413 0.9796
0.1423 0.9791
0.1433 0.9786
0.1443 0.9779
0.1453 0.9773
0.1463 0.9768
0.1473 0.9762
0.1483 0.9757
0.1493 0.9752
0.1503 0.9747
0.1513 0.9741
0.1523 0.9734
0.1532 0.9729
0.1542 0.9722
0.1552 0.9716
0.1562 0.9710
0.1572 0.9704
0.1582 0.9698
0.1592 0.9691
0.1602 0.9684
0.1612 0.9678
0.1622 0.9670
0.1632 0.9663
0.1642 0.9656
0.1652 0.9649
0.1662 0.9641
0.1672 0.9633
0.1681 0.9627
0.1691 0.9619
0.1701 0.9611
0.1711 0.9604
0.1721 0.9597
0.1731 0.9590
0.1741 0.9582
0.1751 0.9574
0.1761 0.9566
0.1771 0.9557
0.1781 0.9547
0.1791 0.9540
0.1801 0.9532
0.1811 0.9523
0.1821 0.9514
0.1830 0.9506
0.1840 0.9496
0.1850 0.9487
0.1860 0.9479
0.1870 0.9469
0.1880 0.9460
0.1890 0.9450
0.1900 0.9440
0.1910 0.9429
0.1920 0.9418
0.1930 0.9407
0.1940 0.9397
0.1950 0.9387
0.1960 0.9376
0.1970 0.9366
0.1979 0.9355
0.1989 0.9345
0.1999 0.9334
0.2009 0.9322
0.2019 0.9312
0.2029 0.9301
0.2039 0.9290
0.2049 0.9279
0.2059 0.9268
0.2069 0.9258
0.2079 0.9245
0.2089 0.9235
0.2099 0.9223
0.2109 0.9212
0.2118 0.9201
0.2128 0.9188
0.2138 0.9177
0.2148 0.9164
0.2158 0.9151
0.2168 0.9139
0.2178 0.9125
0.2188 0.9111
0.2198 0.9098
0.2208 0.9084
0.2218 0.9070
0.2228 0.9057
0.2238 0.9044
0.2248 0.9031
0.2258 0.9016
0.2267 0.9002
0.2277 0.8987
0.2287 0.8973
0.2297 0.8960
0.2307 0.8943
0.2317 0.8929
0.2327 0.8915
0.2337 0.8901
0.2347 0.8885
0.2357 0.8870
0.2367 0.8855
0.2377 0.8840
0.2387 0.8826
0.2397 0.8810
0.2407 0.8796
0.2416 0.8782
0.2426 0.8766
0.2436 0.8751
0.2446 0.8738
0.2456 0.8722
0.2466 0.8706
0.2476 0.8690
0.2486 0.8675
0.2496 0.8657
0.2506 0.8642
0.2516 0.8623
0.2526 0.8606
0.2536 0.8589
0.2546 0.8572
0.2556 0.8555
0.2565 0.8540
0.2575 0.8524
0.2585 0.8507
0.2595 0.8490
0.2605 0.8472
0.2615 0.8455
0.2625 0.8439
0.2635 0.8423
0.2645 0.8406
0.2655 0.8389
0.2665 0.8372
0.2675 0.8354
0.2685 0.8338
0.2695 0.8319
0.2705 0.8301
0.2714 0.8285
0.2724 0.8267
0.2734 0.8249
0.2744 0.8229
0.2754 0.8209
0.2764 0.8189
0.2774 0.8171
0.2784 0.8151
0.2794 0.8134
0.2804 0.8115
0.2814 0.8098
0.2824 0.8080
0.2834 0.8061
0.2844 0.8043
0.2854 0.8022
0.2863 0.8004
0.2873 0.7985
0.2883 0.7966
0.2893 0.7946
0.2903 0.7927
0.2913 0.7909
0.2923 0.7889
0.2933 0.7869
0.2943 0.7849
0.2953 0.7828
0.2963 0.7807
0.2973 0.7788
0.2983 0.7769
0.2993 0.7747
0.3002 0.7728
0.3012 0.7706
0.3022 0.7686
0.3032 0.7665
0.3042 0.7646
0.3052 0.7626
0.3062 0.7604
0.3072 0.7583
0.3082 0.7562
0.3092 0.7540
0.3102 0.7519
0.3112 0.7497
0.3122 0.7476
0.3132 0.7455
0.3142 0.7434
0.3151 0.7415
0.3161 0.7392
0.3171 0.7371
0.3181 0.7350
0.3191 0.7329
0.3201 0.7306
0.3211 0.7284
0.3221 0.7264
0.3231 0.7241
0.3241 0.7218
0.3251 0.7198
0.3261 0.7175
0.3271 0.7154
0.3281 0.7130
0.3291 0.7107
0.3300 0.7087
0.3310 0.7065
0.3320 0.7042
0.3330 0.7020
0.3340 0.6998
0.3350 0.6976
0.3360 0.6954
0.3370 0.6932
0.3380 0.6908
0.3390 0.6886
0.3400 0.6865
0.3410 0.6841
0.3420 0.6819
0.3430 0.6796
0.3440 0.6772
0.3449 0.6750
0.3459 0.6725
0.3469 0.6701
0.3479 0.6680
0.3489 0.6656
0.3499 0.6634
0.3509 0.6611
0.3519 0.6587
0.3529 0.6564
0.3539 0.6541
0.3549 0.6516
0.3559 0.6491
0.3569 0.6466
0.3579 0.6442
0.3589 0.6419
0.3598 0.6397
0.3608 0.6374
0.3618 0.6350
0.3628 0.6325
0.3638 0.6300
0.3648 0.6275
0.3658 0.6250
0.3668 0.6226
0.3678 0.6201
0.3688 0.6178
0.3698 0.6156
0.3708 0.6130
0.3718 0.6106
0.3728 0.6084
0.3738 0.6061
0.3747 0.6041
0.3757 0.6017
0.3767 0.5993
0.3777 0.5970
0.3787 0.5947
0.3797 0.5924
0.3807 0.5902
0.3817 0.5878
0.3827 0.5855
0.3837 0.5833
0.3847 0.5811
0.3857 0.5790
0.3867 0.5767
0.3877 0.5743
0.3886 0.5723
0.3896 0.5702
0.3906 0.5681
0.3916 0.5660
0.3926 0.5639
0.3936 0.5616
0.3946 0.5595
0.3956 0.5570
0.3966 0.5550
0.3976 0.5528
0.3986 0.5506
0.3996 0.5484
0.4006 0.5461
0.4016 0.5439
0.4026 0.5417
0.4035 0.5397
0.4045 0.5376
0.4055 0.5354
0.4065 0.5333
0.4075 0.5311
0.4085 0.5290
0.4095 0.5268
0.4105 0.5245
0.4115 0.5223
0.4125 0.5200
0.4135 0.5180
0.4145 0.5160
0.4155 0.5137
0.4165 0.5116
0.4175 0.5095
0.4184 0.5075
0.4194 0.5054
0.4204 0.5032
0.4214 0.5012
0.4224 0.4992
0.4234 0.4973
0.4244 0.4951
0.4254 0.4929
0.4264 0.4909
0.4274 0.4887
0.4284 0.4866
0.4294 0.4844
0.4304 0.4824
0.4314 0.4804
0.4324 0.4784
0.4333 0.4766
0.4343 0.4745
0.4353 0.4723
0.4363 0.4703
0.4373 0.4683
0.4383 0.4662
0.4393 0.4642
0.4403 0.4622
0.4413 0.4602
0.4423 0.4580
0.4433 0.4560
0.4443 0.4540
0.4453 0.4520
0.4463 0.4501
0.4473 0.4482
0.4482 0.4465
0.4492 0.4445
0.4502 0.4426
0.4512 0.4407
0.4522 0.4387
0.4532 0.4367
0.4542 0.4347
0.4552 0.4327
0.4562 0.4308
0.4572 0.4287
0.4582 0.4268
0.4592 0.4250
0.4602 0.4232
0.4612 0.4213
0.4622 0.4193
0.4631 0.4177
0.4641 0.4157
0.4651 0.4136
0.4661 0.4117
0.4671 0.4097
0.4681 0.4077
0.4691 0.4059
0.4701 0.4042
0.4711 0.4022
0.4721 0.4004
0.4731 0.3987
0.4741 0.3970
0.4751 0.3951
0.4761 0.3932
0.4770 0.3917
0.4780 0.3899
0.4790 0.3881
0.4800 0.3865
0.4810 0.3849
0.4820 0.3832
0.4830 0.3813
0.4840 0.3796
0.4850 0.3778
0.4860 0.3760
0.4870 0.3743
0.4880 0.3726
0.4890 0.3708
0.4900 0.3691
0.4910 0.3674
0.4919 0.3659
0.4929 0.3641
0.4939 0.3623
0.4949 0.3605
0.4959 0.3589
0.4969 0.3573
0.4979 0.3557
0.4989 0.3541
0.4999 0.3526
0.5009 0.3509
0.5019 0.3492
0.5029 0.3476
0.5039 0.3461
0.5049 0.3444
0.5059 0.3428
0.5068 0.3414
0.5078 0.3398
0.5088 0.3383
0.5098 0.3366
0.5108 0.3349
0.5118 0.3334
0.5128 0.3318
0.5138 0.3303
0.5148 0.3286
0.5158 0.3270
0.5168 0.3254
0.5178 0.3239
0.5188 0.3223
0.5198 0.3206
0.5208 0.3192
0.5217 0.3177
0.5227 0.3161
0.5237 0.3144
0.5247 0.3128
0.5257 0.3113
0.5267 0.3098
0.5277 0.3082
0.5287 0.3066
0.5297 0.3052
0.5307 0.3036
0.5317 0.3020
0.5327 0.3006
0.5337 0.2992
0.5347 0.2976
0.5357 0.2960
0.5366 0.2948
0.5376 0.2933
0.5386 0.2919
0.5396 0.2905
0.5406 0.2890
0.5416 0.2876
0.5426 0.2863
0.5436 0.2848
0.5446 0.2833
0.5456 0.2819
0.5466 0.2804
0.5476 0.2792
0.5486 0.2777
0.5496 0.2761
0.5506 0.2746
0.5515 0.2733
0.5525 0.2718
0.5535 0.2704
0.5545 0.2690
0.5555 0.2675
0.5565 0.2660
0.5575 0.2647
0.5585 0.2634
0.5595 0.2618
0.5605 0.2604
0.5615 0.2590
0.5625 0.2575
0.5635 0.2561
0.5645 0.2547
0.5654 0.2534
0.5664 0.2519
0.5674 0.2505
0.5684 0.2490
0.5694 0.2477
0.5704 0.2463
0.5714 0.2449
0.5724 0.2435
0.5734 0.2421
0.5744 0.2409
0.5754 0.2395
0.5764 0.2382
0.5774 0.2368
0.5784 0.2355
0.5794 0.2341
0.5803 0.2330
0.5813 0.2315
0.5823 0.2302
0.5833 0.2288
0.5843 0.2274
0.5853 0.2260
0.5863 0.2246
0.5873 0.2232
0.5883 0.2220
0.5893 0.2207
0.5903 0.2194
0.5913 0.2181
0.5923 0.2168
0.5933 0.2155
0.5943 0.2142
0.5952 0.2131
0.5962 0.2118
0.5972 0.2103
0.5982 0.2089
0.5992 0.2076
0.6002 0.2063
0.6012 0.2050
0.6022 0.2038
0.6032 0.2025
0.6042 0.2014
0.6052 0.2003
0.6062 0.1991
0.6072 0.1978
0.6082 0.1965
0.6092 0.1953
0.6101 0.1941
0.6111 0.1930
0.6121 0.1918
0.6131 0.1907
0.6141 0.1894
0.6151 0.1883
0.6161 0.1871
0.6171 0.1859
0.6181 0.1848
0.6191 0.1836
0.6201 0.1823
0.6211 0.1812
0.6221 0.1800
0.6231 0.1788
0.6241 0.1776
0.6250 0.1764
0.6260 0.1753
0.6270 0.1743
0.6280 0.1732
0.6290 0.1720
0.6300 0.1709
0.6310 0.1698
0.6320 0.1688
0.6330 0.1677
0.6340 0.1665
0.6350 0.1654
0.6360 0.1643
0.6370 0.1633
0.6380 0.1621
0.6390 0.1609
0.6399 0.1598
0.6409 0.1588
0.6419 0.1576
0.6429 0.1566
0.6439 0.1556
0.6449 0.1546
0.6459 0.1537
0.6469 0.1527
0.6479 0.1515
0.6489 0.1505
0.6499 0.1497
0.6509 0.1487
0.6519 0.1477
0.6529 0.1468
0.6538 0.1459
0.6548 0.1449
0.6558 0.1439
0.6568 0.1428
0.6578 0.1419
0.6588 0.1409
0.6598 0.1399
0.6608 0.1389
0.6618 0.1380
0.6628 0.1370
0.6638 0.1359
0.6648 0.1350
0.6658 0.1341
0.6668 0.1331
0.6678 0.1323
0.6687 0.1315
0.6697 0.1305
0.6707 0.1295
0.6717 0.1286
0.6727 0.1276
0.6737 0.1267
0.6747 0.1257
0.6757 0.1248
0.6767 0.1239
0.6777 0.1230
0.6787 0.1221
0.6797 0.1211
0.6807 0.1203
0.6817 0.1194
0.6827 0.1184
0.6836 0.1177
0.6846 0.1167
0.6856 0.1158
0.6866 0.1149
0.6876 0.1141
0.6886 0.1132
0.6896 0.1123
0.6906 0.1113
0.6916 0.1104
0.6926 0.1095
0.6936 0.1085
0.6946 0.1077
0.6956 0.1069
0.6966 0.1061
0.6976 0.1053
0.6985 0.1046
0.6995 0.1037
0.7005 0.1028
0.7015 0.1020
0.7025 0.1011
0.7035 0.1003
0.7045 0.0993
0.7055 0.0985
0.7065 0.0977
0.7075 0.0969
0.7085 0.0960
0.7095 0.0952
0.7105 0.0945
0.7115 0.0936
0.7125 0.0926
0.7134 0.0919
0.7144 0.0911
0.7154 0.0904
0.7164 0.0896
0.7174 0.0887
0.7184 0.0879
0.7194 0.0870
0.7204 0.0863
0.7214 0.0854
0.7224 0.0847
0.7234 0.0840
0.7244 0.0832
0.7254 0.0824
0.7264 0.0816
0.7274 0.0809
0.7283 0.0802
0.7293 0.0793
0.7303 0.0786
0.7313 0.0778
0.7323 0.0771
0.7333 0.0764
0.7343 0.0758
0.7353 0.0750
0.7363 0.0743
0.7373 0.0737
0.7383 0.0730
0.7393 0.0722
0.7403 0.0715
0.7413 0.0707
0.7422 0.0700
0.7432 0.0693
0.7442 0.0687
0.7452 0.0680
0.7462 0.0674
0.7472 0.0667
0.7482 0.0661
0.7492 0.0654
0.7502 0.0648
0.7512 0.0642
0.7522 0.0635
0.7532 0.0628
0.7542 0.0621
0.7552 0.0615
0.7562 0.0608
0.7571 0.0602
0.7581 0.0597
0.7591 0.0591
0.7601 0.0585
0.7611 0.0577
0.7621 0.0571
0.7631 0.0565
0.7641 0.0559
0.7651 0.0553
0.7661 0.0547
0.7671 0.0540
0.7681 0.0534
0.7691 0.0528
0.7701 0.0522
0.7711 0.0517
0.7720 0.0512
0.7730 0.0507
0.7740 0.0501
0.7750 0.0495
0.7760 0.0490
0.7770 0.0484
0.7780 0.0480
0.7790 0.0474
0.7800 0.0469
0.7810 0.0464
0.7820 0.0460
0.7830 0.0454
0.7840 0.0449
0.7850 0.0444
0.7860 0.0439
0.7869 0.0434
0.7879 0.0430
0.7889 0.0425
0.7899 0.0420
0.7909 0.0416
0.7919 0.0411
0.7929 0.0406
0.7939 0.0402
0.7949 0.0398
0.7959 0.0393
0.7969 0.0389
0.7979 0.0384
0.7989 0.0379
0.7999 0.0375
0.8009 0.0370
0.8018 0.0366
0.8028 0.0362
0.8038 0.0358
0.8048 0.0353
0.8058 0.0348
0.8068 0.0343
0.8078 0.0339
0.8088 0.0333
0.8098 0.0330
0.8108 0.0326
0.8118 0.0321
0.8128 0.0318
0.8138 0.0314
0.8148 0.0310
0.8158 0.0306
0.8167 0.0303
0.8177 0.0299
0.8187 0.0295
0.8197 0.0292
0.8207 0.0288
0.8217 0.0283
0.8227 0.0280
0.8237 0.0276
0.8247 0.0272
0.8257 0.0270
0.8267 0.0265
0.8277 0.0261
0.8287 0.0257
0.8297 0.0253
0.8306 0.0250
0.8316 0.0246
0.8326 0.0244
0.8336 0.0241
0.8346 0.0238
0.8356 0.0234
0.8366 0.0230
0.8376 0.0227
0.8386 0.0223
0.8396 0.0220
0.8406 0.0217
0.8416 0.0214
0.8426 0.0212
0.8436 0.0208
0.8446 0.0205
0.8455 0.0202
0.8465 0.0199
0.8475 0.0197
0.8485 0.0194
0.8495 0.0192
0.8505 0.0189
0.8515 0.0186
0.8525 0.0183
0.8535 0.0180
0.8545 0.0177
0.8555 0.0175
0.8565 0.0172
0.8575 0.0169
0.8585 0.0166
0.8595 0.0163
0.8604 0.0161
0.8614 0.0158
0.8624 0.0155
0.8634 0.0152
0.8644 0.0149
0.8654 0.0147
0.8664 0.0144
0.8674 0.0142
0.8684 0.0140
0.8694 0.0138
0.8704 0.0135
0.8714 0.0133
0.8724 0.0131
0.8734 0.0128
0.8744 0.0126
0.8753 0.0124
0.8763 0.0122
0.8773 0.0119
0.8783 0.0118
0.8793 0.0115
0.8803 0.0113
0.8813 0.0111
0.8823 0.0109
0.8833 0.0107
0.8843 0.0105
0.8853 0.0103
0.8863 0.0101
0.8873 0.0099
0.8883 0.0098
0.8893 0.0095
0.8902 0.0094
0.8912 0.0092
0.8922 0.0091
0.8932 0.0089
0.8942 0.0088
0.8952 0.0086
0.8962 0.0084
0.8972 0.0082
0.8982 0.0080
0.8992 0.0078
0.9002 0.0076
0.9012 0.0075
0.9022 0.0073
0.9032 0.0072
0.9042 0.0070
0.9051 0.0069
0.9061 0.0067
0.9071 0.0065
0.9081 0.0064
0.9091 0.0062
0.9101 0.0061
0.9111 0.0059
0.9121 0.0057
0.9131 0.0056
0.9141 0.0054
0.9151 0.0054
0.9161 0.0052
0.9171 0.0051
0.9181 0.0049
0.9190 0.0048
0.9200 0.0047
0.9210 0.0046
0.9220 0.0045
0.9230 0.0044
0.9240 0.0043
0.9250 0.0041
0.9260 0.0040
0.9270 0.0039
0.9280 0.0038
0.9290 0.0037
0.9300 0.0036
0.9310 0.0034
0.9320 0.0033
0.9330 0.0032
0.9339 0.0031
0.9349 0.0030
0.9359 0.0029
0.9369 0.0028
0.9379 0.0027
0.9389 0.0026
0.9399 0.0025
0.9409 0.0025
0.9419 0.0024
0.9429 0.0023
0.9439 0.0022
0.9449 0.0021
0.9459 0.0020
0.9469 0.0020
0.9479 0.0019
0.9488 0.0018
0.9498 0.0018
0.9508 0.0017
0.9518 0.0016
0.9528 0.0016
0.9538 0.0015
0.9548 0.0014
0.9558 0.0014
0.9568 0.0013
0.9578 0.0013
0.9588 0.0012
0.9598 0.0012
0.9608 0.0011
0.9618 0.0010
0.9628 0.0010
0.9637 0.0009
0.9647 0.0009
0.9657 0.0008
0.9667 0.0008
0.9677 0.0007
0.9687 0.0007
0.9697 0.0007
0.9707 0.0006
0.9717 0.0006
0.9727 0.0006
0.9737 0.0005
0.9747 0.0005
0.9757 0.0004
0.9767 0.0004
0.9777 0.0004
0.9786 0.0004
0.9796 0.0003
0.9806 0.0003
0.9816 0.0003
0.9826 0.0003
0.9836 0.0002
0.9846 0.0002
0.9856 0.0002
0.9866 0.0001
0.9876 0.0001
0.9886 0.0001
0.9896 0.0001
0.9906 0.0001
0.9916 0.0001
0.9926 0.0000
0.9935 0.0000
0.9945 0.0000
0.9955 0.0000
0.9965 0.0000
0.9975 0.0000
0.9985 0.0000
0.9995 0.0000
